{
 "cells": [
  {
   "cell_type": "markdown",
   "metadata": {
    "id": "lNf4vmO2VcFf"
   },
   "source": [
    "#Instructions\n",
    "\n",
    "This document is a template to help you get started and will mirror the work that you will do in modules 2, 3, 4 and 5 with the Taxi Trip dataset problem.\n",
    "\n",
    "You should save a copy of this in your Colab and change the name of the file to include your student number.\n",
    "\n",
    "Within this document there are comments to help you along and some boilerplate code that you can adjust to get you started but the code will be very similar to that found in the practice document.\n",
    "\n",
    "This document has the following sections and should be submitted with those in place:\n",
    "\n",
    "\n",
    "\n",
    "*   Title\n",
    "*   Introduction\n",
    "*   Module 2: Get the data\n",
    "*   Module 3: Basic statistics and visualisations\n",
    "*   Module 4: Regression models\n",
    "*   Module 5: Using the outcomes \n",
    "\n",
    "\n",
    "Enjoy and learn lots."
   ]
  },
  {
   "cell_type": "markdown",
   "metadata": {
    "id": "PB9gpS0nXrUP"
   },
   "source": [
    "# Problem: Can we accurately predict the number of collisions for any given day of the week?"
   ]
  },
  {
   "cell_type": "markdown",
   "metadata": {
    "id": "wHW3s-IPXtcw"
   },
   "source": [
    "##Introduction\n",
    "\n",
    "You work as a product owner for a car insurance company offering a daily insurance policy for car rentals.   \n",
    "\n",
    "The company operates in New York and wants to price its insurance to reflect collision risk and associated costs. It wants you to explore a new feature for development that will make better predictions about this. We will use New York traffic collision data to make estimates about the number of collisions on a given day.  \n",
    "\n",
    "For this you require weather data as there has been a link between weather and traffic collisions. The company is using data given to them by the emergency services.\n",
    "\n",
    "Note: You will be given a file entitled collisions_and_weather_data.csv testdata2019.csv. Due to Covid-19, all data since early 2020 has been fairly useless with respect to patterns. The company can see that the data has recently returned to full pre-pandemic levels and you will be provided data from 1st of January 2013 to 31st of December 2018 and the test data will be from 2019.   \n",
    "\n",
    "Remember, you will have to put these files in your Google Drive."
   ]
  },
  {
   "cell_type": "markdown",
   "metadata": {
    "id": "x57j7i7HiUb4"
   },
   "source": [
    "## Module 2: Get the data\n",
    "\n",
    "This section contains boilerplate code. As long as you have uploaded your CSV files to your Google Drive, you can just run the cells as normal."
   ]
  },
  {
   "cell_type": "code",
   "execution_count": 61,
   "metadata": {
    "id": "zexfYuotmJLU",
    "ExecuteTime": {
     "end_time": "2024-02-15T18:30:18.482868400Z",
     "start_time": "2024-02-15T18:30:18.079166Z"
    }
   },
   "outputs": [],
   "source": [
    "# Import packages\n",
    "import pandas as pd\n",
    "import numpy as np\n",
    "import seaborn as sn\n",
    "import matplotlib.pyplot as plt\n",
    "import plotly as pl\n",
    "import plotly.graph_objects as go\n",
    "import plotly.express as px\n",
    "import datetime as dt\n",
    "from scipy import stats"
   ]
  },
  {
   "cell_type": "code",
   "execution_count": null,
   "metadata": {
    "id": "Vhy2CCQ0mKRB"
   },
   "outputs": [],
   "source": [
    "#set the size of our plots as they are a little small by default.\n",
    "plt.rcParams[\"figure.figsize\"] = (20,5)"
   ]
  },
  {
   "cell_type": "code",
   "outputs": [],
   "source": [
    "# Custom functions and constants\n",
    "custom_plasma_scale = [\n",
    "    [0, px.colors.sequential.Plasma[0]],  # Start of the Plasma scale\n",
    "    # Map points in between as needed; this example directly jumps to clamping\n",
    "    [0.8, px.colors.sequential.Plasma[-2]],  # Roughly the 80% mark in the Plasma palette\n",
    "    [1, px.colors.sequential.Plasma[-2]]  # Clamp the color scale to the color at 80%\n",
    "]\n",
    "ZICD = 'ZICD_grouped_by_week_day'\n",
    "ZICD_YEAR_DAY = 'ZICD_grouped_by_year_day'\n",
    "\n",
    "def find_first_monday_of_september(year):\n",
    "    #\"\"\"Find the first Monday of September for the given year.\"\"\"\n",
    "    # September 1st of the given year\n",
    "    date = dt.datetime(year, 9, 1)\n",
    "    # Calculate how many days to add to get to the first Monday (1=Monday, 7=Sunday)\n",
    "    days_to_add = (7 - date.weekday()) % 7\n",
    "    first_monday = date + dt.timedelta(days=days_to_add)\n",
    "    return first_monday\n",
    "\n",
    "\n",
    "def adjust_calendar_to_labor_day(year, day_of_year):\n",
    "        # Find the first Monday of September (Labor Day)\n",
    "    labor_day = find_first_monday_of_september(year)\n",
    "    labor_day_previous_day = labor_day - dt.timedelta(days=2)  # Two days before Labor day so Sat is now day 1.\n",
    "    labor_day_previous_day_of_year = labor_day_previous_day.timetuple().tm_yday\n",
    "\n",
    "\n",
    "    # Before the day after Labor Day, wrap around to the end of the cycle\n",
    "    days_in_year = 366 if year % 4 == 0 and (year % 100 != 0 or year % 400 == 0) else 365\n",
    "    return (day_of_year - labor_day_previous_day_of_year) % days_in_year\n",
    "\n",
    "def convert_date_to_zero_indexed_cycle_day_grouped_by_day_of_week(year,month,day, day_num):\n",
    "    flip = False #day_num < 2\n",
    "    temp_day_num = 1 -day_num if flip else day_num \n",
    "    date = dt.datetime(year, month, day)\n",
    "    day_of_year = date.timetuple().tm_yday\n",
    "\n",
    "    adjusted_day_of_year = day_of_year # adjust_calendar_to_labor_day(year, day_of_year) REMOVED LABOR DAY ADJUSTMENT\n",
    "\n",
    "    day_of_total_cycle = (adjusted_day_of_year) + (temp_day_num*366)\n",
    "    return day_of_total_cycle - (1-temp_day_num) if flip else day_of_total_cycle\n",
    "\n",
    "def convert_date_to_zero_indexed_cycle_day_grouped_by_day_of_year(year, month, day, day_num):\n",
    "    flip = False #day_num < 2\n",
    "    temp_day_num = 1 -day_num if flip else day_num \n",
    "    date = dt.datetime(year, month, day)\n",
    "    day_of_year = date.timetuple().tm_yday\n",
    "\n",
    "    adjusted_day_of_year = day_of_year # adjust_calendar_to_labor_day(year, day_of_year) REMOVED LABOR DAY ADJUSTMENT\n",
    "\n",
    "    # Calculate day of total cycle with the adjusted day_of_year\n",
    "    day_of_total_cycle = (adjusted_day_of_year + temp_day_num) + (6 * adjusted_day_of_year)\n",
    "\n",
    "    return day_of_total_cycle - (1-temp_day_num) if flip else day_of_total_cycle\n",
    "\n",
    "def show_correlation_matrix(df, title):\n",
    "    corrMatrix = df.corr(numeric_only=True)\n",
    "    fig = px.imshow(\n",
    "        corrMatrix,\n",
    "        width=1000,\n",
    "        height=1000,\n",
    "        title=title,\n",
    "        color_continuous_scale='PiYG',\n",
    "        zmin=-1,\n",
    "        zmax=1\n",
    "        )\n",
    "    fig.update_yaxes(tickfont=dict(family='Century Gothic', size=14), range=[-1,1])\n",
    "    fig.update_xaxes(tickfont=dict(family='Century Gothic', size=14))\n",
    "\n",
    "    alt = \"Hello\"\n",
    "    fig.show()\n",
    "\n",
    "\n",
    "days_titles = ['Sun', 'Mon', 'Tue', 'Wed', 'Thu', 'Fri', 'Sat' ]"
   ],
   "metadata": {
    "collapsed": false,
    "ExecuteTime": {
     "end_time": "2024-02-15T15:30:43.237326500Z",
     "start_time": "2024-02-15T15:30:43.223278100Z"
    }
   },
   "execution_count": 49
  },
  {
   "cell_type": "code",
   "execution_count": null,
   "metadata": {
    "colab": {
     "base_uri": "https://localhost:8080/"
    },
    "id": "p5nuwqVbmM6l",
    "outputId": "1a5ac613-0a3a-4471-fceb-25e998e0a9cb"
   },
   "outputs": [
    {
     "name": "stdout",
     "output_type": "stream",
     "text": [
      "Mounted at /content/gdrive\n"
     ]
    }
   ],
   "source": [
    "# Link with your google drive\n",
    "# from google.colab import drive\n",
    "# drive.mount('/content/gdrive')"
   ]
  },
  {
   "cell_type": "code",
   "execution_count": 50,
   "metadata": {
    "id": "Pp0uARhqmRiz",
    "ExecuteTime": {
     "end_time": "2024-02-15T15:30:48.812488300Z",
     "start_time": "2024-02-15T15:30:48.759657500Z"
    }
   },
   "outputs": [],
   "source": [
    "# get our collated taxi trip and weather data from google drive\n",
    "df = pd.read_csv('D:\\\\Coding\\\\JupyterNotebookLBD\\\\scientificProject\\\\data\\\\LBD_New_York_collisions_and_weather_data (1).csv')\n",
    "df.replace({9999.9: np.nan, 999.9: np.nan, 99.99: np.nan}, inplace=True)\n",
    "df['day'] = (df['day'] + 1) % 7\n",
    "df.loc[df['day'] < 2, 'day'] = 1 - df['day']  \n",
    "\n",
    "\n",
    "df[ZICD] = df.apply(lambda row: convert_date_to_zero_indexed_cycle_day_grouped_by_day_of_week(row['year'], row['mo'], row['da'], row['day']), axis=1)\n",
    "df[ZICD_YEAR_DAY] = df.apply(lambda row: convert_date_to_zero_indexed_cycle_day_grouped_by_day_of_year(row['year'], row['mo'], row['da'], row['day']), axis=1)"
   ]
  },
  {
   "cell_type": "code",
   "execution_count": 58,
   "metadata": {
    "colab": {
     "base_uri": "https://localhost:8080/",
     "height": 206
    },
    "id": "AjpJougrmaYj",
    "outputId": "fc923a0c-dbb0-425b-8873-134e3045de52",
    "ExecuteTime": {
     "end_time": "2024-02-15T17:16:03.592203100Z",
     "start_time": "2024-02-15T17:16:03.580661900Z"
    }
   },
   "outputs": [
    {
     "data": {
      "text/plain": "   day  year  mo  da collision_date  temp  dewp     slp  visib  wdsp  mxpsd  \\\n0    3  2013   1   1     01/01/2013  37.8  23.6  1011.9   10.0   6.1    8.9   \n1    4  2013   1   2     02/01/2013  27.1  10.5  1016.8   10.0   5.3    9.9   \n2    5  2013   1   3     03/01/2013  28.4  14.1  1020.6   10.0   3.7    8.0   \n3    6  2013   1   4     04/01/2013  33.4  18.6  1017.0   10.0   6.5   13.0   \n4    1  2013   1   5     05/01/2013  36.1  18.7  1020.6   10.0   6.6   12.0   \n\n   gust   max   min  prcp  sndp  fog  NUM_COLLISIONS  \\\n0  19.0  39.9  33.1   0.0   NaN    0             381   \n1  19.0  33.1  21.9   0.0   NaN    0             480   \n2  15.0  32.0  24.1   0.0   NaN    0             549   \n3  24.1  37.0  30.0   0.0   NaN    0             505   \n4  21.0  42.1  32.0   0.0   NaN    0             389   \n\n   ZICD_grouped_by_week_day  ZICD_grouped_by_year_day  \n0                      1099                        10  \n1                      1466                        18  \n2                      1833                        26  \n3                      2200                        34  \n4                       371                        36  ",
      "text/html": "<div>\n<style scoped>\n    .dataframe tbody tr th:only-of-type {\n        vertical-align: middle;\n    }\n\n    .dataframe tbody tr th {\n        vertical-align: top;\n    }\n\n    .dataframe thead th {\n        text-align: right;\n    }\n</style>\n<table border=\"1\" class=\"dataframe\">\n  <thead>\n    <tr style=\"text-align: right;\">\n      <th></th>\n      <th>day</th>\n      <th>year</th>\n      <th>mo</th>\n      <th>da</th>\n      <th>collision_date</th>\n      <th>temp</th>\n      <th>dewp</th>\n      <th>slp</th>\n      <th>visib</th>\n      <th>wdsp</th>\n      <th>mxpsd</th>\n      <th>gust</th>\n      <th>max</th>\n      <th>min</th>\n      <th>prcp</th>\n      <th>sndp</th>\n      <th>fog</th>\n      <th>NUM_COLLISIONS</th>\n      <th>ZICD_grouped_by_week_day</th>\n      <th>ZICD_grouped_by_year_day</th>\n    </tr>\n  </thead>\n  <tbody>\n    <tr>\n      <th>0</th>\n      <td>3</td>\n      <td>2013</td>\n      <td>1</td>\n      <td>1</td>\n      <td>01/01/2013</td>\n      <td>37.8</td>\n      <td>23.6</td>\n      <td>1011.9</td>\n      <td>10.0</td>\n      <td>6.1</td>\n      <td>8.9</td>\n      <td>19.0</td>\n      <td>39.9</td>\n      <td>33.1</td>\n      <td>0.0</td>\n      <td>NaN</td>\n      <td>0</td>\n      <td>381</td>\n      <td>1099</td>\n      <td>10</td>\n    </tr>\n    <tr>\n      <th>1</th>\n      <td>4</td>\n      <td>2013</td>\n      <td>1</td>\n      <td>2</td>\n      <td>02/01/2013</td>\n      <td>27.1</td>\n      <td>10.5</td>\n      <td>1016.8</td>\n      <td>10.0</td>\n      <td>5.3</td>\n      <td>9.9</td>\n      <td>19.0</td>\n      <td>33.1</td>\n      <td>21.9</td>\n      <td>0.0</td>\n      <td>NaN</td>\n      <td>0</td>\n      <td>480</td>\n      <td>1466</td>\n      <td>18</td>\n    </tr>\n    <tr>\n      <th>2</th>\n      <td>5</td>\n      <td>2013</td>\n      <td>1</td>\n      <td>3</td>\n      <td>03/01/2013</td>\n      <td>28.4</td>\n      <td>14.1</td>\n      <td>1020.6</td>\n      <td>10.0</td>\n      <td>3.7</td>\n      <td>8.0</td>\n      <td>15.0</td>\n      <td>32.0</td>\n      <td>24.1</td>\n      <td>0.0</td>\n      <td>NaN</td>\n      <td>0</td>\n      <td>549</td>\n      <td>1833</td>\n      <td>26</td>\n    </tr>\n    <tr>\n      <th>3</th>\n      <td>6</td>\n      <td>2013</td>\n      <td>1</td>\n      <td>4</td>\n      <td>04/01/2013</td>\n      <td>33.4</td>\n      <td>18.6</td>\n      <td>1017.0</td>\n      <td>10.0</td>\n      <td>6.5</td>\n      <td>13.0</td>\n      <td>24.1</td>\n      <td>37.0</td>\n      <td>30.0</td>\n      <td>0.0</td>\n      <td>NaN</td>\n      <td>0</td>\n      <td>505</td>\n      <td>2200</td>\n      <td>34</td>\n    </tr>\n    <tr>\n      <th>4</th>\n      <td>1</td>\n      <td>2013</td>\n      <td>1</td>\n      <td>5</td>\n      <td>05/01/2013</td>\n      <td>36.1</td>\n      <td>18.7</td>\n      <td>1020.6</td>\n      <td>10.0</td>\n      <td>6.6</td>\n      <td>12.0</td>\n      <td>21.0</td>\n      <td>42.1</td>\n      <td>32.0</td>\n      <td>0.0</td>\n      <td>NaN</td>\n      <td>0</td>\n      <td>389</td>\n      <td>371</td>\n      <td>36</td>\n    </tr>\n  </tbody>\n</table>\n</div>"
     },
     "execution_count": 58,
     "metadata": {},
     "output_type": "execute_result"
    }
   ],
   "source": [
    "df.head()"
   ]
  },
  {
   "cell_type": "markdown",
   "metadata": {
    "id": "rG5AlY_oicTi"
   },
   "source": [
    "## Module 3: Basic statistics and visualisations"
   ]
  },
  {
   "cell_type": "code",
   "outputs": [],
   "source": [],
   "metadata": {
    "collapsed": false
   }
  },
  {
   "cell_type": "code",
   "execution_count": 7,
   "metadata": {
    "colab": {
     "base_uri": "https://localhost:8080/",
     "height": 206
    },
    "id": "sjL67GNCmi16",
    "outputId": "2e3a0f60-bfd0-4f57-85b1-f998551116d3",
    "ExecuteTime": {
     "end_time": "2024-02-15T14:57:19.957056100Z",
     "start_time": "2024-02-15T14:57:19.937868400Z"
    }
   },
   "outputs": [
    {
     "data": {
      "text/plain": "   day  year  mo  da collision_date  temp  dewp     slp  visib  wdsp  mxpsd  \\\n0    2  2013   1   1     01/01/2013  37.8  23.6  1011.9   10.0   6.1    8.9   \n1    3  2013   1   2     02/01/2013  27.1  10.5  1016.8   10.0   5.3    9.9   \n2    4  2013   1   3     03/01/2013  28.4  14.1  1020.6   10.0   3.7    8.0   \n3    5  2013   1   4     04/01/2013  33.4  18.6  1017.0   10.0   6.5   13.0   \n4    6  2013   1   5     05/01/2013  36.1  18.7  1020.6   10.0   6.6   12.0   \n\n   gust   max   min  prcp   sndp  fog  NUM_COLLISIONS  \n0  19.0  39.9  33.1   0.0  999.9    0             381  \n1  19.0  33.1  21.9   0.0  999.9    0             480  \n2  15.0  32.0  24.1   0.0  999.9    0             549  \n3  24.1  37.0  30.0   0.0  999.9    0             505  \n4  21.0  42.1  32.0   0.0  999.9    0             389  ",
      "text/html": "<div>\n<style scoped>\n    .dataframe tbody tr th:only-of-type {\n        vertical-align: middle;\n    }\n\n    .dataframe tbody tr th {\n        vertical-align: top;\n    }\n\n    .dataframe thead th {\n        text-align: right;\n    }\n</style>\n<table border=\"1\" class=\"dataframe\">\n  <thead>\n    <tr style=\"text-align: right;\">\n      <th></th>\n      <th>day</th>\n      <th>year</th>\n      <th>mo</th>\n      <th>da</th>\n      <th>collision_date</th>\n      <th>temp</th>\n      <th>dewp</th>\n      <th>slp</th>\n      <th>visib</th>\n      <th>wdsp</th>\n      <th>mxpsd</th>\n      <th>gust</th>\n      <th>max</th>\n      <th>min</th>\n      <th>prcp</th>\n      <th>sndp</th>\n      <th>fog</th>\n      <th>NUM_COLLISIONS</th>\n    </tr>\n  </thead>\n  <tbody>\n    <tr>\n      <th>0</th>\n      <td>2</td>\n      <td>2013</td>\n      <td>1</td>\n      <td>1</td>\n      <td>01/01/2013</td>\n      <td>37.8</td>\n      <td>23.6</td>\n      <td>1011.9</td>\n      <td>10.0</td>\n      <td>6.1</td>\n      <td>8.9</td>\n      <td>19.0</td>\n      <td>39.9</td>\n      <td>33.1</td>\n      <td>0.0</td>\n      <td>999.9</td>\n      <td>0</td>\n      <td>381</td>\n    </tr>\n    <tr>\n      <th>1</th>\n      <td>3</td>\n      <td>2013</td>\n      <td>1</td>\n      <td>2</td>\n      <td>02/01/2013</td>\n      <td>27.1</td>\n      <td>10.5</td>\n      <td>1016.8</td>\n      <td>10.0</td>\n      <td>5.3</td>\n      <td>9.9</td>\n      <td>19.0</td>\n      <td>33.1</td>\n      <td>21.9</td>\n      <td>0.0</td>\n      <td>999.9</td>\n      <td>0</td>\n      <td>480</td>\n    </tr>\n    <tr>\n      <th>2</th>\n      <td>4</td>\n      <td>2013</td>\n      <td>1</td>\n      <td>3</td>\n      <td>03/01/2013</td>\n      <td>28.4</td>\n      <td>14.1</td>\n      <td>1020.6</td>\n      <td>10.0</td>\n      <td>3.7</td>\n      <td>8.0</td>\n      <td>15.0</td>\n      <td>32.0</td>\n      <td>24.1</td>\n      <td>0.0</td>\n      <td>999.9</td>\n      <td>0</td>\n      <td>549</td>\n    </tr>\n    <tr>\n      <th>3</th>\n      <td>5</td>\n      <td>2013</td>\n      <td>1</td>\n      <td>4</td>\n      <td>04/01/2013</td>\n      <td>33.4</td>\n      <td>18.6</td>\n      <td>1017.0</td>\n      <td>10.0</td>\n      <td>6.5</td>\n      <td>13.0</td>\n      <td>24.1</td>\n      <td>37.0</td>\n      <td>30.0</td>\n      <td>0.0</td>\n      <td>999.9</td>\n      <td>0</td>\n      <td>505</td>\n    </tr>\n    <tr>\n      <th>4</th>\n      <td>6</td>\n      <td>2013</td>\n      <td>1</td>\n      <td>5</td>\n      <td>05/01/2013</td>\n      <td>36.1</td>\n      <td>18.7</td>\n      <td>1020.6</td>\n      <td>10.0</td>\n      <td>6.6</td>\n      <td>12.0</td>\n      <td>21.0</td>\n      <td>42.1</td>\n      <td>32.0</td>\n      <td>0.0</td>\n      <td>999.9</td>\n      <td>0</td>\n      <td>389</td>\n    </tr>\n  </tbody>\n</table>\n</div>"
     },
     "execution_count": 7,
     "metadata": {},
     "output_type": "execute_result"
    }
   ],
   "source": [
    "df = df.sort_values([\"year\", \"mo\", \"da\"], ascending = (True, True, True)) # order the data by year, month, day in ascending order.\n",
    "df.head() # check the data again by viewing the first 5 rows"
   ]
  },
  {
   "cell_type": "code",
   "execution_count": 59,
   "metadata": {
    "colab": {
     "base_uri": "https://localhost:8080/",
     "height": 364
    },
    "id": "B06YRBcnmnYG",
    "outputId": "b4526dfe-c4c9-433f-ce3e-a6718ae4c53d",
    "ExecuteTime": {
     "end_time": "2024-02-15T17:16:08.938889500Z",
     "start_time": "2024-02-15T17:16:08.898146800Z"
    }
   },
   "outputs": [
    {
     "data": {
      "text/plain": "               day         year           mo           da         temp  \\\ncount  2191.000000  2191.000000  2191.000000  2191.000000  2191.000000   \nmean      3.000000  2015.500228     6.523962    15.726609    55.721086   \nstd       2.000457     1.707859     3.449207     8.800821    17.506851   \nmin       0.000000  2013.000000     1.000000     1.000000     6.900000   \n25%       1.000000  2014.000000     4.000000     8.000000    41.550000   \n50%       3.000000  2016.000000     7.000000    16.000000    56.900000   \n75%       5.000000  2017.000000    10.000000    23.000000    71.900000   \nmax       6.000000  2018.000000    12.000000    31.000000    89.100000   \n\n              dewp          slp        visib         wdsp        mxpsd  \\\ncount  2191.000000  2168.000000  2159.000000  2089.000000  2089.000000   \nmean     41.120310  1017.225046     8.953682     4.533605     9.311776   \nstd      19.298085     7.205239     1.563377     2.050030     3.114821   \nmin     -16.100000   992.100000     1.700000     0.000000     2.900000   \n25%      26.400000  1012.600000     8.450000     3.100000     7.000000   \n50%      42.600000  1017.000000     9.800000     4.300000     8.900000   \n75%      57.500000  1021.725000    10.000000     5.700000    11.100000   \nmax      74.800000  1042.100000    10.000000    15.500000    24.100000   \n\n              gust          max          min         prcp        sndp  \\\ncount  1376.000000  2191.000000  2191.000000  2191.000000  176.000000   \nmean     20.205523    65.226974    47.875947     0.141031    6.427273   \nstd       4.706593    18.156330    17.152164     0.353569    4.723467   \nmin      14.000000    17.600000    -0.900000     0.000000    1.200000   \n25%      17.100000    50.000000    35.100000     0.000000    2.000000   \n50%      19.000000    66.900000    48.000000     0.000000    5.900000   \n75%      22.900000    82.000000    64.000000     0.080000    9.100000   \nmax      40.000000    98.100000    82.900000     4.530000   22.000000   \n\n               fog  NUM_COLLISIONS  ZICD_grouped_by_week_day  \\\ncount  2191.000000     2191.000000               2191.000000   \nmean      0.079416      602.121862               1281.083524   \nstd       0.270448      102.452173                739.402463   \nmin       0.000000       10.000000                  1.000000   \n25%       0.000000      533.000000                641.500000   \n50%       0.000000      604.000000               1281.000000   \n75%       0.000000      670.000000               1921.500000   \nmax       1.000000     1161.000000               2561.000000   \n\n       ZICD_grouped_by_year_day  \ncount               2191.000000  \nmean                1284.584665  \nstd                  738.066372  \nmin                    7.000000  \n25%                  646.500000  \n50%                 1285.000000  \n75%                 1923.500000  \nmax                 2563.000000  ",
      "text/html": "<div>\n<style scoped>\n    .dataframe tbody tr th:only-of-type {\n        vertical-align: middle;\n    }\n\n    .dataframe tbody tr th {\n        vertical-align: top;\n    }\n\n    .dataframe thead th {\n        text-align: right;\n    }\n</style>\n<table border=\"1\" class=\"dataframe\">\n  <thead>\n    <tr style=\"text-align: right;\">\n      <th></th>\n      <th>day</th>\n      <th>year</th>\n      <th>mo</th>\n      <th>da</th>\n      <th>temp</th>\n      <th>dewp</th>\n      <th>slp</th>\n      <th>visib</th>\n      <th>wdsp</th>\n      <th>mxpsd</th>\n      <th>gust</th>\n      <th>max</th>\n      <th>min</th>\n      <th>prcp</th>\n      <th>sndp</th>\n      <th>fog</th>\n      <th>NUM_COLLISIONS</th>\n      <th>ZICD_grouped_by_week_day</th>\n      <th>ZICD_grouped_by_year_day</th>\n    </tr>\n  </thead>\n  <tbody>\n    <tr>\n      <th>count</th>\n      <td>2191.000000</td>\n      <td>2191.000000</td>\n      <td>2191.000000</td>\n      <td>2191.000000</td>\n      <td>2191.000000</td>\n      <td>2191.000000</td>\n      <td>2168.000000</td>\n      <td>2159.000000</td>\n      <td>2089.000000</td>\n      <td>2089.000000</td>\n      <td>1376.000000</td>\n      <td>2191.000000</td>\n      <td>2191.000000</td>\n      <td>2191.000000</td>\n      <td>176.000000</td>\n      <td>2191.000000</td>\n      <td>2191.000000</td>\n      <td>2191.000000</td>\n      <td>2191.000000</td>\n    </tr>\n    <tr>\n      <th>mean</th>\n      <td>3.000000</td>\n      <td>2015.500228</td>\n      <td>6.523962</td>\n      <td>15.726609</td>\n      <td>55.721086</td>\n      <td>41.120310</td>\n      <td>1017.225046</td>\n      <td>8.953682</td>\n      <td>4.533605</td>\n      <td>9.311776</td>\n      <td>20.205523</td>\n      <td>65.226974</td>\n      <td>47.875947</td>\n      <td>0.141031</td>\n      <td>6.427273</td>\n      <td>0.079416</td>\n      <td>602.121862</td>\n      <td>1281.083524</td>\n      <td>1284.584665</td>\n    </tr>\n    <tr>\n      <th>std</th>\n      <td>2.000457</td>\n      <td>1.707859</td>\n      <td>3.449207</td>\n      <td>8.800821</td>\n      <td>17.506851</td>\n      <td>19.298085</td>\n      <td>7.205239</td>\n      <td>1.563377</td>\n      <td>2.050030</td>\n      <td>3.114821</td>\n      <td>4.706593</td>\n      <td>18.156330</td>\n      <td>17.152164</td>\n      <td>0.353569</td>\n      <td>4.723467</td>\n      <td>0.270448</td>\n      <td>102.452173</td>\n      <td>739.402463</td>\n      <td>738.066372</td>\n    </tr>\n    <tr>\n      <th>min</th>\n      <td>0.000000</td>\n      <td>2013.000000</td>\n      <td>1.000000</td>\n      <td>1.000000</td>\n      <td>6.900000</td>\n      <td>-16.100000</td>\n      <td>992.100000</td>\n      <td>1.700000</td>\n      <td>0.000000</td>\n      <td>2.900000</td>\n      <td>14.000000</td>\n      <td>17.600000</td>\n      <td>-0.900000</td>\n      <td>0.000000</td>\n      <td>1.200000</td>\n      <td>0.000000</td>\n      <td>10.000000</td>\n      <td>1.000000</td>\n      <td>7.000000</td>\n    </tr>\n    <tr>\n      <th>25%</th>\n      <td>1.000000</td>\n      <td>2014.000000</td>\n      <td>4.000000</td>\n      <td>8.000000</td>\n      <td>41.550000</td>\n      <td>26.400000</td>\n      <td>1012.600000</td>\n      <td>8.450000</td>\n      <td>3.100000</td>\n      <td>7.000000</td>\n      <td>17.100000</td>\n      <td>50.000000</td>\n      <td>35.100000</td>\n      <td>0.000000</td>\n      <td>2.000000</td>\n      <td>0.000000</td>\n      <td>533.000000</td>\n      <td>641.500000</td>\n      <td>646.500000</td>\n    </tr>\n    <tr>\n      <th>50%</th>\n      <td>3.000000</td>\n      <td>2016.000000</td>\n      <td>7.000000</td>\n      <td>16.000000</td>\n      <td>56.900000</td>\n      <td>42.600000</td>\n      <td>1017.000000</td>\n      <td>9.800000</td>\n      <td>4.300000</td>\n      <td>8.900000</td>\n      <td>19.000000</td>\n      <td>66.900000</td>\n      <td>48.000000</td>\n      <td>0.000000</td>\n      <td>5.900000</td>\n      <td>0.000000</td>\n      <td>604.000000</td>\n      <td>1281.000000</td>\n      <td>1285.000000</td>\n    </tr>\n    <tr>\n      <th>75%</th>\n      <td>5.000000</td>\n      <td>2017.000000</td>\n      <td>10.000000</td>\n      <td>23.000000</td>\n      <td>71.900000</td>\n      <td>57.500000</td>\n      <td>1021.725000</td>\n      <td>10.000000</td>\n      <td>5.700000</td>\n      <td>11.100000</td>\n      <td>22.900000</td>\n      <td>82.000000</td>\n      <td>64.000000</td>\n      <td>0.080000</td>\n      <td>9.100000</td>\n      <td>0.000000</td>\n      <td>670.000000</td>\n      <td>1921.500000</td>\n      <td>1923.500000</td>\n    </tr>\n    <tr>\n      <th>max</th>\n      <td>6.000000</td>\n      <td>2018.000000</td>\n      <td>12.000000</td>\n      <td>31.000000</td>\n      <td>89.100000</td>\n      <td>74.800000</td>\n      <td>1042.100000</td>\n      <td>10.000000</td>\n      <td>15.500000</td>\n      <td>24.100000</td>\n      <td>40.000000</td>\n      <td>98.100000</td>\n      <td>82.900000</td>\n      <td>4.530000</td>\n      <td>22.000000</td>\n      <td>1.000000</td>\n      <td>1161.000000</td>\n      <td>2561.000000</td>\n      <td>2563.000000</td>\n    </tr>\n  </tbody>\n</table>\n</div>"
     },
     "execution_count": 59,
     "metadata": {},
     "output_type": "execute_result"
    }
   ],
   "source": [
    "df.describe()"
   ]
  },
  {
   "cell_type": "code",
   "execution_count": 87,
   "metadata": {
    "colab": {
     "base_uri": "https://localhost:8080/",
     "height": 325
    },
    "id": "7e3l45gsmujg",
    "outputId": "a584fb5e-f2d0-414a-b3c8-55b1d42cf307",
    "ExecuteTime": {
     "end_time": "2024-02-15T21:51:06.457485600Z",
     "start_time": "2024-02-15T21:51:06.375472600Z"
    }
   },
   "outputs": [
    {
     "data": {
      "application/vnd.plotly.v1+json": {
       "data": [
        {
         "coloraxis": "coloraxis",
         "name": "0",
         "x": [
          "day",
          "year",
          "mo",
          "da",
          "temp",
          "dewp",
          "slp",
          "visib",
          "wdsp",
          "mxpsd",
          "gust",
          "max",
          "min",
          "prcp",
          "sndp",
          "fog",
          "NUM_COLLISIONS",
          "ZICD_grouped_by_week_day",
          "ZICD_grouped_by_year_day"
         ],
         "y": [
          "day",
          "year",
          "mo",
          "da",
          "temp",
          "dewp",
          "slp",
          "visib",
          "wdsp",
          "mxpsd",
          "gust",
          "max",
          "min",
          "prcp",
          "sndp",
          "fog",
          "NUM_COLLISIONS",
          "ZICD_grouped_by_week_day",
          "ZICD_grouped_by_year_day"
         ],
         "z": [
          [
           1.0,
           -0.0012028663439646924,
           -0.003242676248651249,
           0.0020748827812189794,
           0.009770851512672018,
           0.016205588192248377,
           -0.058886950058446345,
           -0.018932888646071178,
           0.018696917356576626,
           0.0036320894635948646,
           0.012031254205498443,
           0.005404631952100551,
           0.015693945064834274,
           -9.68375427573814E-4,
           0.090583803896555,
           0.00675199975844051,
           0.4944802998252323,
           0.9897805448584023,
           -3.33388105267957E-4
          ],
          [
           -0.0012028663439646924,
           1.0,
           -1.7533703707683256E-4,
           2.0161958178246467E-4,
           0.026165359129977542,
           0.06238443781748113,
           0.0032790492519599855,
           0.0015445028392010545,
           -0.08814994164230493,
           -0.07021126475080282,
           0.012950032713269034,
           0.0352641685293317,
           0.011844583776741541,
           0.023282636023240356,
           -0.16651629943452795,
           0.012812516982252442,
           0.2903720519834448,
           -0.0011580249055763837,
           2.2865507193009765E-4
          ],
          [
           -0.003242676248651249,
           -1.7533703707683256E-4,
           1.0,
           0.010978648419401696,
           0.3146504331172564,
           0.33460262138268637,
           0.06471919506526337,
           0.060468232205493556,
           -0.2728690567867288,
           -0.2916710248725182,
           -0.15792919567261393,
           0.28089917299420397,
           0.33009721284461985,
           9.831770670134185E-4,
           -0.2605679501825602,
           -0.0700813243487996,
           0.17308851039121229,
           0.13888978805793364,
           0.9964970189705322
          ],
          [
           0.0020748827812189794,
           2.0161958178246467E-4,
           0.010978648419401696,
           1.0,
           0.013435728872674078,
           -6.265243374801847E-4,
           -0.0222065917409075,
           0.042715125673826584,
           -0.006070979336378118,
           -0.011609684677224574,
           -0.03717796855234887,
           0.02152662302414617,
           0.01711769191105145,
           -0.012265123227486937,
           0.0547268045720137,
           -0.039794204070703554,
           -0.03428620962439125,
           0.015490953880135546,
           0.09423050982526697
          ],
          [
           0.009770851512672018,
           0.026165359129977542,
           0.3146504331172564,
           0.013435728872674078,
           1.0,
           0.9399979542182362,
           -0.22233620270338766,
           -0.007017648581853812,
           -0.5510366426746316,
           -0.48177957401265104,
           -0.29897965945533916,
           0.9770480477576504,
           0.9765902823043432,
           0.0012448764657735198,
           -0.0977953400117357,
           0.005799117144324494,
           0.22344140701051032,
           0.054163115707525,
           0.3120053572285302
          ],
          [
           0.016205588192248377,
           0.06238443781748113,
           0.33460262138268637,
           -6.265243374801847E-4,
           0.9399979542182362,
           1.0,
           -0.2700638749977299,
           -0.23615572222219977,
           -0.527673442799992,
           -0.4415259174582457,
           -0.2637177997916955,
           0.8994769772022564,
           0.937650476122962,
           0.11765529991186152,
           -0.0895353748467686,
           0.10716325856394107,
           0.21744012697329348,
           0.0632556859322929,
           0.3311028761688183
          ],
          [
           -0.058886950058446345,
           0.0032790492519599855,
           0.06471919506526337,
           -0.0222065917409075,
           -0.22233620270338766,
           -0.2700638749977299,
           1.0,
           0.2319231084126083,
           -0.14647733484839434,
           -0.2028127147311172,
           -0.30003639409706456,
           -0.20931617138778683,
           -0.22495067892773357,
           -0.318240328847175,
           -0.018068094694806514,
           -0.14073557334969058,
           -0.08559916386994519,
           -0.04927900589155257,
           0.06321077955981086
          ],
          [
           -0.018932888646071178,
           0.0015445028392010545,
           0.060468232205493556,
           0.042715125673826584,
           -0.007017648581853812,
           -0.23615572222219977,
           0.2319231084126083,
           1.0,
           1.5199156635066182E-4,
           -0.10286895743786867,
           -0.10491909076591481,
           0.017799224121485664,
           -0.03157566298981042,
           -0.39007676564883137,
           -0.08130734815758263,
           -0.478825783594607,
           -0.05368384392040199,
           -0.009724293387142424,
           0.06362647230952398
          ],
          [
           0.018696917356576626,
           -0.08814994164230493,
           -0.2728690567867288,
           -0.006070979336378118,
           -0.5510366426746316,
           -0.527673442799992,
           -0.14647733484839434,
           1.5199156635066182E-4,
           1.0,
           0.857462423931879,
           0.7057790189218535,
           -0.5268475762204329,
           -0.5167131883647064,
           0.13775744617289348,
           -0.05747105639702769,
           0.006304822143380405,
           -0.1257648761608105,
           -0.01946465602987417,
           -0.2711814707295317
          ],
          [
           0.0036320894635948646,
           -0.07021126475080282,
           -0.2916710248725182,
           -0.011609684677224574,
           -0.48177957401265104,
           -0.4415259174582457,
           -0.2028127147311172,
           -0.10286895743786867,
           0.857462423931879,
           1.0,
           0.7949934640342529,
           -0.45749510897853757,
           -0.45556585697867313,
           0.18702294888091198,
           -0.029001691327514584,
           0.09723699374704244,
           -0.11233267015352524,
           -0.03710905725312134,
           -0.2907233183113627
          ],
          [
           0.012031254205498443,
           0.012950032713269034,
           -0.15792919567261393,
           -0.03717796855234887,
           -0.29897965945533916,
           -0.2637177997916955,
           -0.30003639409706456,
           -0.10491909076591481,
           0.7057790189218535,
           0.7949934640342529,
           1.0,
           -0.2806992476358547,
           -0.29194122231832215,
           0.15303648867706224,
           -0.04614705719521805,
           0.12760189490469565,
           -0.03306867561074098,
           -0.01160324747421538,
           -0.15902746769765122
          ],
          [
           0.005404631952100551,
           0.0352641685293317,
           0.28089917299420397,
           0.02152662302414617,
           0.9770480477576504,
           0.8994769772022564,
           -0.20931617138778683,
           0.017799224121485664,
           -0.5268475762204329,
           -0.45749510897853757,
           -0.2806992476358547,
           1.0,
           0.94659693716404,
           7.246764362766554E-4,
           -0.11223380359922414,
           -0.00358886684118864,
           0.22601979314659168,
           0.04513271008532716,
           0.27898549862155847
          ],
          [
           0.015693945064834274,
           0.011844583776741541,
           0.33009721284461985,
           0.01711769191105145,
           0.9765902823043432,
           0.937650476122962,
           -0.22495067892773357,
           -0.03157566298981042,
           -0.5167131883647064,
           -0.45556585697867313,
           -0.29194122231832215,
           0.94659693716404,
           1.0,
           0.012227160644106989,
           -0.11817802965858393,
           0.02120159391572608,
           0.20328565055754996,
           0.06226503850896999,
           0.3277072795638871
          ],
          [
           -9.68375427573814E-4,
           0.023282636023240356,
           9.831770670134185E-4,
           -0.012265123227486937,
           0.0012448764657735198,
           0.11765529991186152,
           -0.318240328847175,
           -0.39007676564883137,
           0.13775744617289348,
           0.18702294888091198,
           0.15303648867706224,
           7.246764362766554E-4,
           0.012227160644106989,
           1.0,
           0.0222220950548404,
           0.2165606647050421,
           0.054932731865295466,
           -9.877865612705119E-4,
           -2.0520035372759404E-4
          ],
          [
           0.090583803896555,
           -0.16651629943452795,
           -0.2605679501825602,
           0.0547268045720137,
           -0.0977953400117357,
           -0.0895353748467686,
           -0.018068094694806514,
           -0.08130734815758263,
           -0.05747105639702769,
           -0.029001691327514584,
           -0.04614705719521805,
           -0.11223380359922414,
           -0.11817802965858393,
           0.0222220950548404,
           1.0,
           0.07112532938870365,
           0.013582222452681595,
           0.05793138094786919,
           -0.2536498338515932
          ],
          [
           0.00675199975844051,
           0.012812516982252442,
           -0.0700813243487996,
           -0.039794204070703554,
           0.005799117144324494,
           0.10716325856394107,
           -0.14073557334969058,
           -0.478825783594607,
           0.006304822143380405,
           0.09723699374704244,
           0.12760189490469565,
           -0.00358886684118864,
           0.02120159391572608,
           0.2165606647050421,
           0.07112532938870365,
           1.0,
           0.04220125486390811,
           -0.0037300839079122956,
           -0.0730257770434464
          ],
          [
           0.4944802998252323,
           0.2903720519834448,
           0.17308851039121229,
           -0.03428620962439125,
           0.22344140701051032,
           0.21744012697329348,
           -0.08559916386994519,
           -0.05368384392040199,
           -0.1257648761608105,
           -0.11233267015352524,
           -0.03306867561074098,
           0.22601979314659168,
           0.20328565055754996,
           0.054932731865295466,
           0.013582222452681595,
           0.04220125486390811,
           1.0,
           0.5137533209381733,
           0.1704277875352624
          ],
          [
           0.9897805448584023,
           -0.0011580249055763837,
           0.13888978805793364,
           0.015490953880135546,
           0.054163115707525,
           0.0632556859322929,
           -0.04927900589155257,
           -0.009724293387142424,
           -0.01946465602987417,
